"기준_년분기_코드","자치구_코드","자치구_코드_명","총_상주인구_수","남성_상주인구_수","여성_상주인구_수","연령대_10_상주인구_수","연령대_20_상주인구_수","연령대_30_상주인구_수","연령대_40_상주인구_수","연령대_50_상주인구_수","연령대_60_이상_상주인구_수","남성연령대_10_상주인구_수","남성연령대_20_상주인구_수","남성연령대_30_상주인구_수","남성연령대_40_상주인구_수","남성연령대_50_상주인구_수","남성연령대_60_이상_상주인구_수","여성연령대_10_상주인구_수","여성연령대_20_상주인구_수","여성연령대_30_상주인구_수","여성연령대_40_상주인구_수","여성연령대_50_상주인구_수","여성연령대_60_이상_상주인구_수","총_가구_수","아파트_가구_수","비_아파트_가구_수"
"20233","11140","중구","121446","60531","60915","12476","11504","18814","19108","19367","40177","6315","5815","9540","9868","10001","18992","6161","5689","9274","9240","9366","21185","63375","0","63375"
"20194","11110","종로구","150370","73316","77054","19691","23334","20249","22927","25607","38562","9955","11566","10028","11121","12886","17760","9736","11768","10221","11806","12721","20802","73446","0","73446"
"20202","11110","종로구","150370","73316","77054","19691","23334","20249","22927","25607","38562","9955","11566","10028","11121","12886","17760","9736","11768","10221","11806","12721","20802","73446","0","73446"
"20222","11110","종로구","149349","72615","76734","18534","23405","19943","22229","25444","39794","9295","11502","9907","10828","12774","18309","9239","11903","10036","11401","12670","21485","74935","0","74935"
"20204","11110","종로구","149349","72615","76734","18534","23405","19943","22229","25444","39794","9295","11502","9907","10828","12774","18309","9239","11903","10036","11401","12670","21485","74935","0","74935"
"20201","11110","종로구","150370","73316","77054","19691","23334","20249","22927","25607","38562","9955","11566","10028","11121","12886","17760","9736","11768","10221","11806","12721","20802","73446","0","73446"
"20192","11110","종로구","152257","74453","77804","20679","23574","21110","23721","25678","37495","10495","11840","10468","11538","12915","17197","10184","11734","10642","12183","12763","20298","73303","7463","65840"
"20211","11110","종로구","149349","72615","76734","18534","23405","19943","22229","25444","39794","9295","11502","9907","10828","12774","18309","9239","11903","10036","11401","12670","21485","74935","0","74935"
"20193","11110","종로구","152257","74453","77804","20679","23574","21110","23721","25678","37495","10495","11840","10468","11538","12915","17197","10184","11734","10642","12183","12763","20298","73303","7463","65840"
"20221","11110","종로구","149349","72615","76734","18534","23405","19943","22229","25444","39794","9295","11502","9907","10828","12774","18309","9239","11903","10036","11401","12670","21485","74935","0","74935"
"20191","11110","종로구","151613","74213","77400","20303","23328","21194","23652","25598","37538","10325","11710","10552","11529","12903","17194","9978","11618","10642","12123","12695","20344","72651","7421","65230"
"20224","11110","종로구","142900","70267","72633","14074","16710","21397","20171","24440","46108","7249","8281","11048","9822","12209","21658","6825","8429","10349","10349","12231","24450","74935","0","74935"
"20213","11110","종로구","149349","72615","76734","18534","23405","19943","22229","25444","39794","9295","11502","9907","10828","12774","18309","9239","11903","10036","11401","12670","21485","74935","0","74935"
"20223","11110","종로구","149349","72615","76734","18534","23405","19943","22229","25444","39794","9295","11502","9907","10828","12774","18309","9239","11903","10036","11401","12670","21485","74935","0","74935"
"20214","11110","종로구","149349","72615","76734","18534","23405","19943","22229","25444","39794","9295","11502","9907","10828","12774","18309","9239","11903","10036","11401","12670","21485","74935","0","74935"
"20212","11110","종로구","149349","72615","76734","18534","23405","19943","22229","25444","39794","9295","11502","9907","10828","12774","18309","9239","11903","10036","11401","12670","21485","74935","0","74935"
"20233","11170","용산구","219681","106667","113014","25586","22042","32488","35988","36474","67103","13089","11155","16139","17809","18210","30265","12497","10887","16349","18179","18264","36838","112556","0","112556"
"20203","11110","종로구","150370","73316","77054","19691","23334","20249","22927","25607","38562","9955","11566","10028","11121","12886","17760","9736","11768","10221","11806","12721","20802","73446","0","73446"
"20203","11140","중구","124430","61178","63252","14532","17904","20101","18326","20770","32797","7403","8715","10075","9354","10584","15047","7129","9189","10026","8972","10186","17750","61517","0","61517"
"20204","11140","중구","124888","61022","63866","13601","18561","20075","17964","20635","34052","6902","8840","10014","9184","10472","15610","6699","9721","10061","8780","10163","18442","63375","0","63375"
"20211","11140","중구","124888","61022","63866","13601","18561","20075","17964","20635","34052","6902","8840","10014","9184","10472","15610","6699","9721","10061","8780","10163","18442","63375","0","63375"
"20212","11140","중구","124888","61022","63866","13601","18561","20075","17964","20635","34052","6902","8840","10014","9184","10472","15610","6699","9721","10061","8780","10163","18442","63375","0","63375"
"20213","11140","중구","124888","61022","63866","13601","18561","20075","17964","20635","34052","6902","8840","10014","9184","10472","15610","6699","9721","10061","8780","10163","18442","63375","0","63375"
"20221","11140","중구","124888","61022","63866","13601","18561","20075","17964","20635","34052","6902","8840","10014","9184","10472","15610","6699","9721","10061","8780","10163","18442","63375","0","63375"
"20222","11140","중구","124888","61022","63866","13601","18561","20075","17964","20635","34052","6902","8840","10014","9184","10472","15610","6699","9721","10061","8780","10163","18442","63375","0","63375"
"20223","11140","중구","124888","61022","63866","13601","18561","20075","17964","20635","34052","6902","8840","10014","9184","10472","15610","6699","9721","10061","8780","10163","18442","63375","0","63375"
"20233","11230","동대문구","323173","160967","162206","37494","35688","49833","50783","50410","98965","19139","17850","26090","26034","25789","46065","18355","17838","23743","24749","24621","52900","167339","0","167339"
"20191","11140","중구","119357","59018","60339","13939","16926","19249","18083","20172","30988","7026","8360","9740","9380","10321","14191","6913","8566","9509","8703","9851","16797","58223","13314","44909"
"20192","11140","중구","118801","58710","60091","13997","17134","19015","17837","20085","30733","7050","8465","9648","9229","10273","14045","6947","8669","9367","8608","9812","16688","58403","13308","45095"
"20193","11140","중구","118801","58710","60091","13997","17134","19015","17837","20085","30733","7050","8465","9648","9229","10273","14045","6947","8669","9367","8608","9812","16688","58403","13308","45095"
"20224","11140","중구","121446","60531","60915","12476","11504","18814","19108","19367","40177","6315","5815","9540","9868","10001","18992","6161","5689","9274","9240","9366","21185","63375","0","63375"
"20214","11140","중구","124888","61022","63866","13601","18561","20075","17964","20635","34052","6902","8840","10014","9184","10472","15610","6699","9721","10061","8780","10163","18442","63375","0","63375"
"20194","11140","중구","124430","61178","63252","14532","17904","20101","18326","20770","32797","7403","8715","10075","9354","10584","15047","7129","9189","10026","8972","10186","17750","61517","0","61517"
"20201","11140","중구","124430","61178","63252","14532","17904","20101","18326","20770","32797","7403","8715","10075","9354","10584","15047","7129","9189","10026","8972","10186","17750","61517","0","61517"
"20202","11140","중구","124430","61178","63252","14532","17904","20101","18326","20770","32797","7403","8715","10075","9354","10584","15047","7129","9189","10026","8972","10186","17750","61517","0","61517"
"20213","11170","용산구","229381","110426","118955","29087","33444","38047","35624","36962","56217","14897","15915","19030","17484","18282","24818","14190","17529","19017","18140","18680","31399","112556","0","112556"
"20203","11170","용산구","226437","109315","117122","30134","32435","37682","35874","36076","54236","15478","15640","18834","17667","17825","23871","14656","16795","18848","18207","18251","30365","108908","0","108908"
"20214","11170","용산구","229381","110426","118955","29087","33444","38047","35624","36962","56217","14897","15915","19030","17484","18282","24818","14190","17529","19017","18140","18680","31399","112556","0","112556"
"20221","11170","용산구","229381","110426","118955","29087","33444","38047","35624","36962","56217","14897","15915","19030","17484","18282","24818","14190","17529","19017","18140","18680","31399","112556","0","112556"
"20233","11260","중랑구","393628","196220","197408","44713","43348","57889","60993","65662","121023","22834","22480","29185","31916","32827","56978","21879","20868","28704","29077","32835","64045","185787","0","185787"
"20224","11170","용산구","219681","106667","113014","25586","22042","32488","35988","36474","67103","13089","11155","16139","17809","18210","30265","12497","10887","16349","18179","18264","36838","112556","0","112556"
"20222","11170","용산구","229381","110426","118955","29087","33444","38047","35624","36962","56217","14897","15915","19030","17484","18282","24818","14190","17529","19017","18140","18680","31399","112556","0","112556"
"20233","11290","성북구","412357","201214","211143","54175","47556","57434","66397","67871","118924","27821","23535","28639","32965","33933","54321","26354","24021","28795","33432","33938","64603","195040","0","195040"
"20194","11170","용산구","226437","109315","117122","30134","32435","37682","35874","36076","54236","15478","15640","18834","17667","17825","23871","14656","16795","18848","18207","18251","30365","108908","0","108908"
"20191","11170","용산구","225244","109013","116231","31023","31134","37737","36809","35715","52826","15917","15224","18865","18178","17632","23197","15106","15910","18872","18631","18083","29629","106244","4612","101632"
"20212","11170","용산구","229381","110426","118955","29087","33444","38047","35624","36962","56217","14897","15915","19030","17484","18282","24818","14190","17529","19017","18140","18680","31399","112556","0","112556"
"20201","11170","용산구","226437","109315","117122","30134","32435","37682","35874","36076","54236","15478","15640","18834","17667","17825","23871","14656","16795","18848","18207","18251","30365","108908","0","108908"
"20223","11170","용산구","229381","110426","118955","29087","33444","38047","35624","36962","56217","14897","15915","19030","17484","18282","24818","14190","17529","19017","18140","18680","31399","112556","0","112556"
"20211","11170","용산구","229381","110426","118955","29087","33444","38047","35624","36962","56217","14897","15915","19030","17484","18282","24818","14190","17529","19017","18140","18680","31399","112556","0","112556"
"20202","11170","용산구","226437","109315","117122","30134","32435","37682","35874","36076","54236","15478","15640","18834","17667","17825","23871","14656","16795","18848","18207","18251","30365","108908","0","108908"
"20193","11170","용산구","225752","109132","116620","31261","31897","37522","36646","35777","52649","16039","15508","18782","18064","17639","23100","15222","16389","18740","18582","18138","29549","107029","4596","102433"
"20204","11170","용산구","229381","110426","118955","29087","33444","38047","35624","36962","56217","14897","15915","19030","17484","18282","24818","14190","17529","19017","18140","18680","31399","112556","0","112556"
"20192","11170","용산구","225752","109132","116620","31261","31897","37522","36646","35777","52649","16039","15508","18782","18064","17639","23100","15222","16389","18740","18582","18138","29549","107029","4596","102433"
"20224","11200","성동구","286321","141878","144443","36235","30140","44595","48318","46131","80902","18453","15184","22325","24625","23286","38005","17782","14956","22270","23693","22845","42897","135787","0","135787"
"20214","11200","성동구","293523","143348","150175","40260","45033","48904","45014","47228","67084","20358","22260","24024","22572","23567","30567","19902","22773","24880","22442","23661","36517","135787","0","135787"
"20192","11200","성동구","308684","151546","157138","45686","46644","53540","49288","49811","63715","23076","23331","26453","24943","24811","28932","22610","23313","27087","24345","25000","34783","136930","40026","96904"
"20191","11200","성동구","304203","149674","154529","44892","45130","52842","49076","48869","63394","22683","22550","26251","24871","24539","28780","22209","22580","26591","24205","24330","34614","133950","39962","93988"
"20233","11305","강북구","316990","155876","161114","33893","34862","42088","48453","52327","105367","17402","17929","21436","25174","26228","47707","16491","16933","20652","23279","26099","57660","145867","0","145867"
"20233","11320","도봉구","341355","168070","173285","39939","40776","44819","49912","57532","108377","20644","21206","23020","25010","27942","50248","19295","19570","21799","24902","29590","58129","139077","0","139077"
"20223","11200","성동구","293523","143348","150175","40260","45033","48904","45014","47228","67084","20358","22260","24024","22572","23567","30567","19902","22773","24880","22442","23661","36517","135787","0","135787"
"20222","11200","성동구","293523","143348","150175","40260","45033","48904","45014","47228","67084","20358","22260","24024","22572","23567","30567","19902","22773","24880","22442","23661","36517","135787","0","135787"
"20221","11200","성동구","293523","143348","150175","40260","45033","48904","45014","47228","67084","20358","22260","24024","22572","23567","30567","19902","22773","24880","22442","23661","36517","135787","0","135787"
"20213","11200","성동구","293523","143348","150175","40260","45033","48904","45014","47228","67084","20358","22260","24024","22572","23567","30567","19902","22773","24880","22442","23661","36517","135787","0","135787"
"20212","11200","성동구","293523","143348","150175","40260","45033","48904","45014","47228","67084","20358","22260","24024","22572","23567","30567","19902","22773","24880","22442","23661","36517","135787","0","135787"
"20211","11200","성동구","293523","143348","150175","40260","45033","48904","45014","47228","67084","20358","22260","24024","22572","23567","30567","19902","22773","24880","22442","23661","36517","135787","0","135787"
"20204","11200","성동구","293523","143348","150175","40260","45033","48904","45014","47228","67084","20358","22260","24024","22572","23567","30567","19902","22773","24880","22442","23661","36517","135787","0","135787"
"20203","11200","성동구","301034","147387","153647","43355","45909","51011","47260","48452","65047","21907","22753","25165","23766","24234","29562","21448","23156","25846","23494","24218","35485","135593","0","135593"
"20202","11200","성동구","301034","147387","153647","43355","45909","51011","47260","48452","65047","21907","22753","25165","23766","24234","29562","21448","23156","25846","23494","24218","35485","135593","0","135593"
"20201","11200","성동구","301034","147387","153647","43355","45909","51011","47260","48452","65047","21907","22753","25165","23766","24234","29562","21448","23156","25846","23494","24218","35485","135593","0","135593"
"20194","11200","성동구","301034","147387","153647","43355","45909","51011","47260","48452","65047","21907","22753","25165","23766","24234","29562","21448","23156","25846","23494","24218","35485","135593","0","135593"
"20193","11200","성동구","308684","151546","157138","45686","46644","53540","49288","49811","63715","23076","23331","26453","24943","24811","28932","22610","23313","27087","24345","25000","34783","136930","40026","96904"
"20224","11215","광진구","341566","166979","174587","39033","40198","60720","55482","55795","90338","20047","20149","29568","27765","27371","42079","18986","20049","31152","27717","28424","48259","167243","0","167243"
"20214","11215","광진구","346546","167198","179348","45504","62897","55983","52458","54501","75203","23194","29507","27678","25865","26569","34385","22310","33390","28305","26593","27932","40818","167243","0","167243"
"20192","11215","광진구","355498","172750","182748","51890","60969","60626","56179","56645","69189","26595","29201","29986","27676","27592","31700","25295","31768","30640","28503","29053","37489","162119","21477","140642"
"20191","11215","광진구","352246","171513","180733","50834","59338","60846","55931","56184","69113","26081","28544","30180","27622","27416","31670","24753","30794","30666","28309","28768","37443","160030","21643","138387"
"20233","11350","노원구","555318","270299","285019","72531","76889","69806","84385","98570","153137","37364","40094","35128","41210","47690","68813","35167","36795","34678","43175","50880","84324","218211","0","218211"
"20231","11350","노원구","555318","270299","285019","72531","76889","69806","84385","98570","153137","37364","40094","35128","41210","47690","68813","35167","36795","34678","43175","50880","84324","209679","0","209679"
"20223","11215","광진구","346546","167198","179348","45504","62897","55983","52458","54501","75203","23194","29507","27678","25865","26569","34385","22310","33390","28305","26593","27932","40818","167243","0","167243"
"20222","11215","광진구","346546","167198","179348","45504","62897","55983","52458","54501","75203","23194","29507","27678","25865","26569","34385","22310","33390","28305","26593","27932","40818","167243","0","167243"
"20221","11215","광진구","346546","167198","179348","45504","62897","55983","52458","54501","75203","23194","29507","27678","25865","26569","34385","22310","33390","28305","26593","27932","40818","167243","0","167243"
"20213","11215","광진구","346546","167198","179348","45504","62897","55983","52458","54501","75203","23194","29507","27678","25865","26569","34385","22310","33390","28305","26593","27932","40818","167243","0","167243"
"20212","11215","광진구","346546","167198","179348","45504","62897","55983","52458","54501","75203","23194","29507","27678","25865","26569","34385","22310","33390","28305","26593","27932","40818","167243","0","167243"
"20211","11215","광진구","346546","167198","179348","45504","62897","55983","52458","54501","75203","23194","29507","27678","25865","26569","34385","22310","33390","28305","26593","27932","40818","167243","0","167243"
"20204","11215","광진구","346546","167198","179348","45504","62897","55983","52458","54501","75203","23194","29507","27678","25865","26569","34385","22310","33390","28305","26593","27932","40818","167243","0","167243"
"20203","11215","광진구","350916","170125","180791","49130","61176","58242","54490","55682","72196","25110","29203","28788","26899","27147","32978","24020","31973","29454","27591","28535","39218","163696","0","163696"
"20202","11215","광진구","350916","170125","180791","49130","61176","58242","54490","55682","72196","25110","29203","28788","26899","27147","32978","24020","31973","29454","27591","28535","39218","163696","0","163696"
"20201","11215","광진구","350916","170125","180791","49130","61176","58242","54490","55682","72196","25110","29203","28788","26899","27147","32978","24020","31973","29454","27591","28535","39218","163696","0","163696"
"20194","11215","광진구","350916","170125","180791","49130","61176","58242","54490","55682","72196","25110","29203","28788","26899","27147","32978","24020","31973","29454","27591","28535","39218","163696","0","163696"
"20193","11215","광진구","355498","172750","182748","51890","60969","60626","56179","56645","69189","26595","29201","29986","27676","27592","31700","25295","31768","30640","28503","29053","37489","162119","21477","140642"
"20224","11230","동대문구","323173","160967","162206","37494","35688","49833","50783","50410","98965","19139","17850","26090","26034","25789","46065","18355","17838","23743","24749","24621","52900","167339","0","167339"
"20214","11230","동대문구","342588","169600","172988","44412","56319","50149","50588","53195","87925","22612","27977","25909","26091","26797","40214","21800","28342","24240","24497","26398","47711","167339","0","167339"
"20192","11230","동대문구","343514","171352","172162","48170","53558","51564","53084","54868","82270","24639","27411","26695","27405","27552","37650","23531","26147","24869","25679","27316","44620","159751","44869","114882"
"20191","11230","동대문구","343470","171486","171984","47615","53053","51960","53257","54856","82729","24386","27234","26910","27520","27549","37887","23229","25819","25050","25737","27307","44842","158664","44829","113835"
"20233","11380","은평구","457181","221709","235472","56254","51767","62564","75536","74754","136306","28948","26390","30572","37829","36485","61485","27306","25377","31992","37707","38269","74821","213749","0","213749"
"20233","11410","서대문구","298338","144648","153690","35234","34350","45364","45727","48596","89067","17973","17135","22715","22781","23980","40064","17261","17215","22649","22946","24616","49003","144548","0","144548"
"20223","11230","동대문구","342588","169600","172988","44412","56319","50149","50588","53195","87925","22612","27977","25909","26091","26797","40214","21800","28342","24240","24497","26398","47711","167339","0","167339"
"20222","11230","동대문구","342588","169600","172988","44412","56319","50149","50588","53195","87925","22612","27977","25909","26091","26797","40214","21800","28342","24240","24497","26398","47711","167339","0","167339"
"20221","11230","동대문구","342588","169600","172988","44412","56319","50149","50588","53195","87925","22612","27977","25909","26091","26797","40214","21800","28342","24240","24497","26398","47711","167339","0","167339"
"20213","11230","동대문구","342588","169600","172988","44412","56319","50149","50588","53195","87925","22612","27977","25909","26091","26797","40214","21800","28342","24240","24497","26398","47711","167339","0","167339"
"20212","11230","동대문구","342588","169600","172988","44412","56319","50149","50588","53195","87925","22612","27977","25909","26091","26797","40214","21800","28342","24240","24497","26398","47711","167339","0","167339"
"20211","11230","동대문구","342588","169600","172988","44412","56319","50149","50588","53195","87925","22612","27977","25909","26091","26797","40214","21800","28342","24240","24497","26398","47711","167339","0","167339"
"20204","11230","동대문구","342588","169600","172988","44412","56319","50149","50588","53195","87925","22612","27977","25909","26091","26797","40214","21800","28342","24240","24497","26398","47711","167339","0","167339"
"20203","11230","동대문구","341584","169896","171688","46480","53906","50450","51859","53986","84903","23735","27295","26117","26759","27126","38864","22745","26611","24333","25100","26860","46039","161716","0","161716"
"20202","11230","동대문구","341584","169896","171688","46480","53906","50450","51859","53986","84903","23735","27295","26117","26759","27126","38864","22745","26611","24333","25100","26860","46039","161716","0","161716"
"20201","11230","동대문구","341584","169896","171688","46480","53906","50450","51859","53986","84903","23735","27295","26117","26759","27126","38864","22745","26611","24333","25100","26860","46039","161716","0","161716"
"20194","11230","동대문구","341584","169896","171688","46480","53906","50450","51859","53986","84903","23735","27295","26117","26759","27126","38864","22745","26611","24333","25100","26860","46039","161716","0","161716"
"20193","11230","동대문구","343514","171352","172162","48170","53558","51564","53084","54868","82270","24639","27411","26695","27405","27552","37650","23531","26147","24869","25679","27316","44620","159751","44869","114882"
"20224","11260","중랑구","393628","196220","197408","44713","43348","57889","60993","65662","121023","22834","22480","29185","31916","32827","56978","21879","20868","28704","29077","32835","64045","185787","0","185787"
"20214","11260","중랑구","394574","195066","199508","49805","56082","58101","57853","69501","103232","25561","27776","29945","29924","34240","47620","24244","28306","28156","27929","35261","55612","185787","0","185787"
"20192","11260","중랑구","402969","200395","202574","56604","57149","62126","61385","72065","93640","29037","28869","32184","31600","35550","43155","27567","28280","29942","29785","36515","50485","179738","39612","140126"
"20191","11260","중랑구","401410","199750","201660","55914","56611","62534","61490","71609","93252","28672","28663","32453","31645","35342","42975","27242","27948","30081","29845","36267","50277","177924","39169","138755"
"20233","11440","마포구","361271","173544","187727","47361","38216","61472","64902","56921","92399","24266","18881","28815","31742","28304","41536","23095","19335","32657","33160","28617","50863","178311","0","178311"
"20233","11470","양천구","460203","227584","232619","61934","64599","58507","69780","85315","120068","32071","34184","29265","33525","41876","56663","29863","30415","29242","36255","43439","63405","180531","0","180531"
"20223","11260","중랑구","394574","195066","199508","49805","56082","58101","57853","69501","103232","25561","27776","29945","29924","34240","47620","24244","28306","28156","27929","35261","55612","185787","0","185787"
"20222","11260","중랑구","394574","195066","199508","49805","56082","58101","57853","69501","103232","25561","27776","29945","29924","34240","47620","24244","28306","28156","27929","35261","55612","185787","0","185787"
"20221","11260","중랑구","394574","195066","199508","49805","56082","58101","57853","69501","103232","25561","27776","29945","29924","34240","47620","24244","28306","28156","27929","35261","55612","185787","0","185787"
"20213","11260","중랑구","394574","195066","199508","49805","56082","58101","57853","69501","103232","25561","27776","29945","29924","34240","47620","24244","28306","28156","27929","35261","55612","185787","0","185787"
"20212","11260","중랑구","394574","195066","199508","49805","56082","58101","57853","69501","103232","25561","27776","29945","29924","34240","47620","24244","28306","28156","27929","35261","55612","185787","0","185787"
"20211","11260","중랑구","394574","195066","199508","49805","56082","58101","57853","69501","103232","25561","27776","29945","29924","34240","47620","24244","28306","28156","27929","35261","55612","185787","0","185787"
"20204","11260","중랑구","394574","195066","199508","49805","56082","58101","57853","69501","103232","25561","27776","29945","29924","34240","47620","24244","28306","28156","27929","35261","55612","185787","0","185787"
"20203","11260","중랑구","396233","196600","199633","53098","55868","59266","59352","70722","97927","27255","28041","30626","30567","34951","45160","25843","27827","28640","28785","35771","52767","180683","0","180683"
"20202","11260","중랑구","396233","196600","199633","53098","55868","59266","59352","70722","97927","27255","28041","30626","30567","34951","45160","25843","27827","28640","28785","35771","52767","180683","0","180683"
"20201","11260","중랑구","396233","196600","199633","53098","55868","59266","59352","70722","97927","27255","28041","30626","30567","34951","45160","25843","27827","28640","28785","35771","52767","180683","0","180683"
"20194","11260","중랑구","396233","196600","199633","53098","55868","59266","59352","70722","97927","27255","28041","30626","30567","34951","45160","25843","27827","28640","28785","35771","52767","180683","0","180683"
"20193","11260","중랑구","402969","200395","202574","56604","57149","62126","61385","72065","93640","29037","28869","32184","31600","35550","43155","27567","28280","29942","29785","36515","50485","179738","39612","140126"
"20214","11290","성북구","436692","210592","226100","65904","66904","59809","69775","69282","105018","33616","32193","29760","34391","34145","46487","32288","34711","30049","35384","35137","58531","195040","0","195040"
"20224","11290","성북구","412357","201214","211143","54175","47556","57434","66397","67871","118924","27821","23535","28639","32965","33933","54321","26354","24021","28795","33432","33938","64603","195040","0","195040"
"20193","11290","성북구","435361","211705","223656","70880","63237","62046","73292","68262","97644","36253","31224","30872","36519","33491","43346","34627","32013","31174","36773","34771","54298","185793","49297","136496"
"20192","11290","성북구","435361","211705","223656","70880","63237","62046","73292","68262","97644","36253","31224","30872","36519","33491","43346","34627","32013","31174","36773","34771","54298","185793","49297","136496"
"20191","11290","성북구","437799","213178","224621","70574","63056","62846","73893","68690","98740","36161","31177","31343","36875","33715","43907","34413","31879","31503","37018","34975","54833","185478","49322","136156"
"20231","11500","강서구","585027","285392","299635","77997","63438","92271","101435","88404","161482","39746","32345","44784","51650","43088","73779","38251","31093","47487","49785","45316","87703","234221","0","234221"
"20233","11500","강서구","585027","285392","299635","77997","63438","92271","101435","88404","161482","39746","32345","44784","51650","43088","73779","38251","31093","47487","49785","45316","87703","266948","0","266948"
"20223","11290","성북구","436692","210592","226100","65904","66904","59809","69775","69282","105018","33616","32193","29760","34391","34145","46487","32288","34711","30049","35384","35137","58531","195040","0","195040"
"20222","11290","성북구","436692","210592","226100","65904","66904","59809","69775","69282","105018","33616","32193","29760","34391","34145","46487","32288","34711","30049","35384","35137","58531","195040","0","195040"
"20221","11290","성북구","436692","210592","226100","65904","66904","59809","69775","69282","105018","33616","32193","29760","34391","34145","46487","32288","34711","30049","35384","35137","58531","195040","0","195040"
"20213","11290","성북구","436692","210592","226100","65904","66904","59809","69775","69282","105018","33616","32193","29760","34391","34145","46487","32288","34711","30049","35384","35137","58531","195040","0","195040"
"20212","11290","성북구","436692","210592","226100","65904","66904","59809","69775","69282","105018","33616","32193","29760","34391","34145","46487","32288","34711","30049","35384","35137","58531","195040","0","195040"
"20211","11290","성북구","436692","210592","226100","65904","66904","59809","69775","69282","105018","33616","32193","29760","34391","34145","46487","32288","34711","30049","35384","35137","58531","195040","0","195040"
"20204","11290","성북구","436692","210592","226100","65904","66904","59809","69775","69282","105018","33616","32193","29760","34391","34145","46487","32288","34711","30049","35384","35137","58531","195040","0","195040"
"20203","11290","성북구","421718","204169","217549","66568","61673","58188","69561","67036","98692","34049","30064","28913","34386","32913","43844","32519","31609","29275","35175","34123","54848","182163","0","182163"
"20202","11290","성북구","421718","204169","217549","66568","61673","58188","69561","67036","98692","34049","30064","28913","34386","32913","43844","32519","31609","29275","35175","34123","54848","182163","0","182163"
"20201","11290","성북구","421718","204169","217549","66568","61673","58188","69561","67036","98692","34049","30064","28913","34386","32913","43844","32519","31609","29275","35175","34123","54848","182163","0","182163"
"20194","11290","성북구","421718","204169","217549","66568","61673","58188","69561","67036","98692","34049","30064","28913","34386","32913","43844","32519","31609","29275","35175","34123","54848","182163","0","182163"
"20191","11305","강북구","321025","157120","163905","43853","43690","44297","51063","54468","83654","22548","21745","23248","25995","26459","37125","21305","21945","21049","25068","28009","46529","142671","29488","113183"
"20232","11530","구로구","403550","200797","202753","53911","41574","59564","69921","61587","116993","27560","21362","29397","36203","31190","55085","26351","20212","30167","33718","30397","61908","180455","0","180455"
"20231","11530","구로구","403550","200797","202753","53911","41574","59564","69921","61587","116993","27560","21362","29397","36203","31190","55085","26351","20212","30167","33718","30397","61908","162447","0","162447"
"20223","11305","강북구","308115","150163","157952","37747","42964","38746","46733","52647","89278","19484","21054","20356","23939","25794","39536","18263","21910","18390","22794","26853","49742","145867","0","145867"
"20222","11305","강북구","308115","150163","157952","37747","42964","38746","46733","52647","89278","19484","21054","20356","23939","25794","39536","18263","21910","18390","22794","26853","49742","145867","0","145867"
"20221","11305","강북구","308115","150163","157952","37747","42964","38746","46733","52647","89278","19484","21054","20356","23939","25794","39536","18263","21910","18390","22794","26853","49742","145867","0","145867"
"20213","11305","강북구","308115","150163","157952","37747","42964","38746","46733","52647","89278","19484","21054","20356","23939","25794","39536","18263","21910","18390","22794","26853","49742","145867","0","145867"
"20212","11305","강북구","308115","150163","157952","37747","42964","38746","46733","52647","89278","19484","21054","20356","23939","25794","39536","18263","21910","18390","22794","26853","49742","145867","0","145867"
"20211","11305","강북구","308115","150163","157952","37747","42964","38746","46733","52647","89278","19484","21054","20356","23939","25794","39536","18263","21910","18390","22794","26853","49742","145867","0","145867"
"20204","11305","강북구","308115","150163","157952","37747","42964","38746","46733","52647","89278","19484","21054","20356","23939","25794","39536","18263","21910","18390","22794","26853","49742","145867","0","145867"
"20203","11305","강북구","314135","153343","160792","41028","43308","41121","48961","53571","86146","21132","21359","21561","25014","26041","38236","19896","21949","19560","23947","27530","47910","144059","0","144059"
"20202","11305","강북구","314135","153343","160792","41028","43308","41121","48961","53571","86146","21132","21359","21561","25014","26041","38236","19896","21949","19560","23947","27530","47910","144059","0","144059"
"20201","11305","강북구","314135","153343","160792","41028","43308","41121","48961","53571","86146","21132","21359","21561","25014","26041","38236","19896","21949","19560","23947","27530","47910","144059","0","144059"
"20194","11305","강북구","314135","153343","160792","41028","43308","41121","48961","53571","86146","21132","21359","21561","25014","26041","38236","19896","21949","19560","23947","27530","47910","144059","0","144059"
"20214","11305","강북구","308115","150163","157952","37747","42964","38746","46733","52647","89278","19484","21054","20356","23939","25794","39536","18263","21910","18390","22794","26853","49742","145867","0","145867"
"20224","11305","강북구","316990","155876","161114","33893","34862","42088","48453","52327","105367","17402","17929","21436","25174","26228","47707","16491","16933","20652","23279","26099","57660","145867","0","145867"
"20193","11305","강북구","319768","156376","163392","44055","43757","43651","50814","54310","83181","22671","21733","22891","25824","26413","36844","21384","22024","20760","24990","27897","46337","143242","29552","113690"
"20192","11305","강북구","319768","156376","163392","44055","43757","43651","50814","54310","83181","22671","21733","22891","25824","26413","36844","21384","22024","20760","24990","27897","46337","143242","29552","113690"
"20192","11320","도봉구","338253","165643","172610","51297","45892","45517","52893","59420","83234","26457","23545","23265","26028","28322","38026","24840","22347","22252","26865","31098","45208","137261","60466","76795"
"20202","11320","도봉구","330674","161792","168882","47970","44532","42935","50600","58212","86425","24715","22845","21919","25017","27720","39576","23255","21687","21016","25583","30492","46849","136902","0","136902"
"20204","11320","도봉구","325263","158617","166646","44391","43418","41004","48542","57012","90896","22920","22116","20972","24042","27153","41414","21471","21302","20032","24500","29859","49482","139077","0","139077"
"20233","11530","구로구","403550","200797","202753","53911","41574","59564","69921","61587","116993","27560","21362","29397","36203","31190","55085","26351","20212","30167","33718","30397","61908","180455","0","180455"
"20212","11320","도봉구","325263","158617","166646","44391","43418","41004","48542","57012","90896","22920","22116","20972","24042","27153","41414","21471","21302","20032","24500","29859","49482","139077","0","139077"
"20203","11320","도봉구","330674","161792","168882","47970","44532","42935","50600","58212","86425","24715","22845","21919","25017","27720","39576","23255","21687","21016","25583","30492","46849","136902","0","136902"
"20224","11320","도봉구","341355","168070","173285","39939","40776","44819","49912","57532","108377","20644","21206","23020","25010","27942","50248","19295","19570","21799","24902","29590","58129","139077","0","139077"
"20213","11320","도봉구","325263","158617","166646","44391","43418","41004","48542","57012","90896","22920","22116","20972","24042","27153","41414","21471","21302","20032","24500","29859","49482","139077","0","139077"
"20214","11320","도봉구","325263","158617","166646","44391","43418","41004","48542","57012","90896","22920","22116","20972","24042","27153","41414","21471","21302","20032","24500","29859","49482","139077","0","139077"
"20223","11320","도봉구","325263","158617","166646","44391","43418","41004","48542","57012","90896","22920","22116","20972","24042","27153","41414","21471","21302","20032","24500","29859","49482","139077","0","139077"
"20193","11320","도봉구","338253","165643","172610","51297","45892","45517","52893","59420","83234","26457","23545","23265","26028","28322","38026","24840","22347","22252","26865","31098","45208","137261","60466","76795"
"20194","11320","도봉구","330674","161792","168882","47970","44532","42935","50600","58212","86425","24715","22845","21919","25017","27720","39576","23255","21687","21016","25583","30492","46849","136902","0","136902"
"20222","11320","도봉구","325263","158617","166646","44391","43418","41004","48542","57012","90896","22920","22116","20972","24042","27153","41414","21471","21302","20032","24500","29859","49482","139077","0","139077"
"20232","11545","금천구","220070","112035","108035","23400","23647","34173","33426","37565","67859","11914","12176","18348","17858","19276","32463","11486","11471","15825","15568","18289","35396","114638","0","114638"
"20201","11320","도봉구","330674","161792","168882","47970","44532","42935","50600","58212","86425","24715","22845","21919","25017","27720","39576","23255","21687","21016","25583","30492","46849","136902","0","136902"
"20221","11320","도봉구","325263","158617","166646","44391","43418","41004","48542","57012","90896","22920","22116","20972","24042","27153","41414","21471","21302","20032","24500","29859","49482","139077","0","139077"
"20191","11320","도봉구","338290","165667","172623","50983","45759","45857","52942","59324","83425","26269","23450","23431","26081","28276","38160","24714","22309","22426","26861","31048","45265","136288","60366","75922"
"20211","11320","도봉구","325263","158617","166646","44391","43418","41004","48542","57012","90896","22920","22116","20972","24042","27153","41414","21471","21302","20032","24500","29859","49482","139077","0","139077"
"20211","11350","노원구","523074","252417","270657","86412","73219","64728","86235","87835","124645","44661","37580","32238","41034","42603","54301","41751","35639","32490","45201","45232","70344","218211","0","218211"
"20212","11350","노원구","523074","252417","270657","86412","73219","64728","86235","87835","124645","44661","37580","32238","41034","42603","54301","41751","35639","32490","45201","45232","70344","218211","0","218211"
"20213","11350","노원구","523074","252417","270657","86412","73219","64728","86235","87835","124645","44661","37580","32238","41034","42603","54301","41751","35639","32490","45201","45232","70344","218211","0","218211"
"20221","11350","노원구","523074","252417","270657","86412","73219","64728","86235","87835","124645","44661","37580","32238","41034","42603","54301","41751","35639","32490","45201","45232","70344","218211","0","218211"
"20222","11350","노원구","523074","252417","270657","86412","73219","64728","86235","87835","124645","44661","37580","32238","41034","42603","54301","41751","35639","32490","45201","45232","70344","218211","0","218211"
"20223","11350","노원구","523074","252417","270657","86412","73219","64728","86235","87835","124645","44661","37580","32238","41034","42603","54301","41751","35639","32490","45201","45232","70344","218211","0","218211"
"20231","11545","금천구","220070","112035","108035","23400","23647","34173","33426","37565","67859","11914","12176","18348","17858","19276","32463","11486","11471","15825","15568","18289","35396","96104","0","96104"
"20232","11320","도봉구","341355","168070","173285","39939","40776","44819","49912","57532","108377","20644","21206","23020","25010","27942","50248","19295","19570","21799","24902","29590","58129","139077","0","139077"
"20191","11350","노원구","540992","262481","278511","96697","75728","71431","93372","89604","114160","50013","39120","35400","44636","43507","49805","46684","36608","36031","48736","46097","64355","213477","148080","65397"
"20192","11350","노원구","543369","263683","279686","97877","75730","71195","93707","89842","115018","50694","39160","35349","44806","43562","50112","47183","36570","35846","48901","46280","64906","216058","149236","66822"
"20193","11350","노원구","543369","263683","279686","97877","75730","71195","93707","89842","115018","50694","39160","35349","44806","43562","50112","47183","36570","35846","48901","46280","64906","216058","149236","66822"
"20224","11350","노원구","555318","270299","285019","72531","76889","69806","84385","98570","153137","37364","40094","35128","41210","47690","68813","35167","36795","34678","43175","50880","84324","218211","0","218211"
"20214","11350","노원구","523074","252417","270657","86412","73219","64728","86235","87835","124645","44661","37580","32238","41034","42603","54301","41751","35639","32490","45201","45232","70344","218211","0","218211"
"20194","11350","노원구","535349","259146","276203","92653","75084","67534","90286","89407","120385","48027","38834","33530","43062","43319","52374","44626","36250","34004","47224","46088","68011","217605","0","217605"
"20201","11350","노원구","535349","259146","276203","92653","75084","67534","90286","89407","120385","48027","38834","33530","43062","43319","52374","44626","36250","34004","47224","46088","68011","217605","0","217605"
"20202","11350","노원구","535349","259146","276203","92653","75084","67534","90286","89407","120385","48027","38834","33530","43062","43319","52374","44626","36250","34004","47224","46088","68011","217605","0","217605"
"20203","11350","노원구","535349","259146","276203","92653","75084","67534","90286","89407","120385","48027","38834","33530","43062","43319","52374","44626","36250","34004","47224","46088","68011","217605","0","217605"
"20204","11350","노원구","523074","252417","270657","86412","73219","64728","86235","87835","124645","44661","37580","32238","41034","42603","54301","41751","35639","32490","45201","45232","70344","218211","0","218211"
"20222","11380","은평구","479710","230215","249495","68378","67044","68488","76626","77229","121945","34967","32273","33902","37851","37180","54042","33411","34771","34586","38775","40049","67903","213749","0","213749"
"20211","11380","은평구","479710","230215","249495","68378","67044","68488","76626","77229","121945","34967","32273","33902","37851","37180","54042","33411","34771","34586","38775","40049","67903","213749","0","213749"
"20201","11380","은평구","475571","229390","246181","71374","65276","68578","77492","77012","115839","36595","31939","34095","38272","37055","51434","34779","33337","34483","39220","39957","64405","205349","0","205349"
"20223","11380","은평구","479710","230215","249495","68378","67044","68488","76626","77229","121945","34967","32273","33902","37851","37180","54042","33411","34771","34586","38775","40049","67903","213749","0","213749"
"20191","11380","은평구","480305","232712","247593","74761","64460","71386","80078","77508","112112","38422","31892","35631","39722","37247","49798","36339","32568","35755","40356","40261","62314","201710","24807","176903"
"20194","11380","은평구","475571","229390","246181","71374","65276","68578","77492","77012","115839","36595","31939","34095","38272","37055","51434","34779","33337","34483","39220","39957","64405","205349","0","205349"
"20232","11350","노원구","555318","270299","285019","72531","76889","69806","84385","98570","153137","37364","40094","35128","41210","47690","68813","35167","36795","34678","43175","50880","84324","218211","0","218211"
"20192","11380","은평구","483988","234102","249886","76244","64961","71886","80400","78051","112446","39067","32032","35852","39825","37447","49879","37177","32929","36034","40575","40604","62567","204752","24528","180224"
"20202","11380","은평구","475571","229390","246181","71374","65276","68578","77492","77012","115839","36595","31939","34095","38272","37055","51434","34779","33337","34483","39220","39957","64405","205349","0","205349"
"20193","11380","은평구","483988","234102","249886","76244","64961","71886","80400","78051","112446","39067","32032","35852","39825","37447","49879","37177","32929","36034","40575","40604","62567","204752","24528","180224"
"20221","11380","은평구","479710","230215","249495","68378","67044","68488","76626","77229","121945","34967","32273","33902","37851","37180","54042","33411","34771","34586","38775","40049","67903","213749","0","213749"
"20203","11380","은평구","475571","229390","246181","71374","65276","68578","77492","77012","115839","36595","31939","34095","38272","37055","51434","34779","33337","34483","39220","39957","64405","205349","0","205349"
"20213","11380","은평구","479710","230215","249495","68378","67044","68488","76626","77229","121945","34967","32273","33902","37851","37180","54042","33411","34771","34586","38775","40049","67903","213749","0","213749"
"20204","11380","은평구","479710","230215","249495","68378","67044","68488","76626","77229","121945","34967","32273","33902","37851","37180","54042","33411","34771","34586","38775","40049","67903","213749","0","213749"
"20214","11380","은평구","479710","230215","249495","68378","67044","68488","76626","77229","121945","34967","32273","33902","37851","37180","54042","33411","34771","34586","38775","40049","67903","213749","0","213749"
"20212","11380","은평구","479710","230215","249495","68378","67044","68488","76626","77229","121945","34967","32273","33902","37851","37180","54042","33411","34771","34586","38775","40049","67903","213749","0","213749"
"20224","11380","은평구","457181","221709","235472","56254","51767","62564","75536","74754","136306","28948","26390","30572","37829","36485","61485","27306","25377","31992","37707","38269","74821","213749","0","213749"
"20223","11410","서대문구","311889","149274","162615","43782","50246","45104","47455","49313","75989","22136","24073","22393","23440","23939","33293","21646","26173","22711","24015","25374","42696","144548","0","144548"
"20222","11410","서대문구","311889","149274","162615","43782","50246","45104","47455","49313","75989","22136","24073","22393","23440","23939","33293","21646","26173","22711","24015","25374","42696","144548","0","144548"
"20221","11410","서대문구","311889","149274","162615","43782","50246","45104","47455","49313","75989","22136","24073","22393","23440","23939","33293","21646","26173","22711","24015","25374","42696","144548","0","144548"
"20213","11410","서대문구","311889","149274","162615","43782","50246","45104","47455","49313","75989","22136","24073","22393","23440","23939","33293","21646","26173","22711","24015","25374","42696","144548","0","144548"
"20212","11410","서대문구","311889","149274","162615","43782","50246","45104","47455","49313","75989","22136","24073","22393","23440","23939","33293","21646","26173","22711","24015","25374","42696","144548","0","144548"
"20211","11410","서대문구","311889","149274","162615","43782","50246","45104","47455","49313","75989","22136","24073","22393","23440","23939","33293","21646","26173","22711","24015","25374","42696","144548","0","144548"
"20204","11410","서대문구","311889","149274","162615","43782","50246","45104","47455","49313","75989","22136","24073","22393","23440","23939","33293","21646","26173","22711","24015","25374","42696","144548","0","144548"
"20203","11410","서대문구","308632","148322","160310","44750","48521","44495","48117","49346","73403","22704","23655","22114","23825","23859","32165","22046","24866","22381","24292","25487","41238","139508","0","139508"
"20202","11410","서대문구","308632","148322","160310","44750","48521","44495","48117","49346","73403","22704","23655","22114","23825","23859","32165","22046","24866","22381","24292","25487","41238","139508","0","139508"
"20201","11410","서대문구","308632","148322","160310","44750","48521","44495","48117","49346","73403","22704","23655","22114","23825","23859","32165","22046","24866","22381","24292","25487","41238","139508","0","139508"
"20194","11410","서대문구","308632","148322","160310","44750","48521","44495","48117","49346","73403","22704","23655","22114","23825","23859","32165","22046","24866","22381","24292","25487","41238","139508","0","139508"
"20214","11410","서대문구","311889","149274","162615","43782","50246","45104","47455","49313","75989","22136","24073","22393","23440","23939","33293","21646","26173","22711","24015","25374","42696","144548","0","144548"
"20224","11410","서대문구","298338","144648","153690","35234","34350","45364","45727","48596","89067","17973","17135","22715","22781","23980","40064","17261","17215","22649","22946","24616","49003","144548","0","144548"
"20193","11410","서대문구","308276","148619","159657","45928","47988","45054","49024","49179","71103","23378","23593","22345","24283","23858","31162","22550","24395","22709","24741","25321","39941","137284","38254","99030"
"20192","11410","서대문구","308276","148619","159657","45928","47988","45054","49024","49179","71103","23378","23593","22345","24283","23858","31162","22550","24395","22709","24741","25321","39941","137284","38254","99030"
"20191","11410","서대문구","307097","148099","158998","45079","47436","45228","48881","49028","71445","22893","23321","22475","24238","23812","31360","22186","24115","22753","24643","25216","40085","136054","38317","97737"
"20233","11545","금천구","220070","112035","108035","23400","23647","34173","33426","37565","67859","11914","12176","18348","17858","19276","32463","11486","11471","15825","15568","18289","35396","114638","0","114638"
"20231","11560","영등포구","348870","173953","174917","43727","33792","58512","58719","53314","100806","22487","17346","28703","30348","27394","47675","21240","16446","29809","28371","25920","53131","151333","0","151333"
"20213","11440","마포구","371747","175061","196686","53260","61843","64514","60986","54199","76945","26998","27891","30518","29646","26601","33407","26262","33952","33996","31340","27598","43538","178311","0","178311"
"20191","11440","마포구","371301","176868","194433","57089","57143","66887","63573","53661","72948","28952","26724","31926","31314","26271","31681","28137","30419","34961","32259","27390","41267","169131","46002","123129"
"20232","11560","영등포구","348870","173953","174917","43727","33792","58512","58719","53314","100806","22487","17346","28703","30348","27394","47675","21240","16446","29809","28371","25920","53131","184488","0","184488"
"20192","11440","마포구","371112","176549","194563","57761","58321","66317","63085","53389","72239","29269","27166","31689","30991","26127","31307","28492","31155","34628","32094","27262","40932","170229","46344","123885"
"20204","11440","마포구","371747","175061","196686","53260","61843","64514","60986","54199","76945","26998","27891","30518","29646","26601","33407","26262","33952","33996","31340","27598","43538","178311","0","178311"
"20193","11440","마포구","371112","176549","194563","57761","58321","66317","63085","53389","72239","29269","27166","31689","30991","26127","31307","28492","31155","34628","32094","27262","40932","170229","46344","123885"
"20221","11440","마포구","371747","175061","196686","53260","61843","64514","60986","54199","76945","26998","27891","30518","29646","26601","33407","26262","33952","33996","31340","27598","43538","178311","0","178311"
"20224","11440","마포구","361271","173544","187727","47361","38216","61472","64902","56921","92399","24266","18881","28815","31742","28304","41536","23095","19335","32657","33160","28617","50863","178311","0","178311"
"20211","11440","마포구","371747","175061","196686","53260","61843","64514","60986","54199","76945","26998","27891","30518","29646","26601","33407","26262","33952","33996","31340","27598","43538","178311","0","178311"
"20214","11440","마포구","371747","175061","196686","53260","61843","64514","60986","54199","76945","26998","27891","30518","29646","26601","33407","26262","33952","33996","31340","27598","43538","178311","0","178311"
"20223","11440","마포구","371747","175061","196686","53260","61843","64514","60986","54199","76945","26998","27891","30518","29646","26601","33407","26262","33952","33996","31340","27598","43538","178311","0","178311"
"20194","11440","마포구","312462","147862","164600","48846","49102","54295","52101","44471","63647","24794","22446","25723","25482","21844","27573","24052","26656","28572","26619","22627","36074","143896","0","143896"
"20212","11440","마포구","371747","175061","196686","53260","61843","64514","60986","54199","76945","26998","27891","30518","29646","26601","33407","26262","33952","33996","31340","27598","43538","178311","0","178311"
"20201","11440","마포구","312462","147862","164600","48846","49102","54295","52101","44471","63647","24794","22446","25723","25482","21844","27573","24052","26656","28572","26619","22627","36074","143896","0","143896"
"20222","11440","마포구","371747","175061","196686","53260","61843","64514","60986","54199","76945","26998","27891","30518","29646","26601","33407","26262","33952","33996","31340","27598","43538","178311","0","178311"
"20202","11440","마포구","312462","147862","164600","48846","49102","54295","52101","44471","63647","24794","22446","25723","25482","21844","27573","24052","26656","28572","26619","22627","36074","143896","0","143896"
"20203","11440","마포구","312462","147862","164600","48846","49102","54295","52101","44471","63647","24794","22446","25723","25482","21844","27573","24052","26656","28572","26619","22627","36074","143896","0","143896"
"20191","11470","양천구","458838","226194","232644","86905","61747","62388","81382","77856","88560","45138","31892","30710","39037","38776","40641","41767","29855","31678","42345","39080","47919","173416","71778","101638"
"20192","11470","양천구","459945","226570","233375","87799","61753","62328","81424","77814","88827","45633","31793","30680","39009","38721","40734","42166","29960","31648","42415","39093","48093","174836","71765","103071"
"20193","11470","양천구","459945","226570","233375","87799","61753","62328","81424","77814","88827","45633","31793","30680","39009","38721","40734","42166","29960","31648","42415","39093","48093","174836","71765","103071"
"20224","11470","양천구","460203","227584","232619","61934","64599","58507","69780","85315","120068","32071","34184","29265","33525","41876","56663","29863","30415","29242","36255","43439","63405","180531","0","180531"
"20214","11470","양천구","454239","222808","231431","82404","59799","57820","78969","76503","98744","42751","30442","28469","37818","38021","45307","39653","29357","29351","41151","38482","53437","180531","0","180531"
"20194","11470","양천구","458095","225213","232882","85347","61107","59750","80589","77623","93679","44298","31420","29312","38537","38649","42997","41049","29687","30438","42052","38974","50682","176916","0","176916"
"20201","11470","양천구","458095","225213","232882","85347","61107","59750","80589","77623","93679","44298","31420","29312","38537","38649","42997","41049","29687","30438","42052","38974","50682","176916","0","176916"
"20202","11470","양천구","458095","225213","232882","85347","61107","59750","80589","77623","93679","44298","31420","29312","38537","38649","42997","41049","29687","30438","42052","38974","50682","176916","0","176916"
"20203","11470","양천구","458095","225213","232882","85347","61107","59750","80589","77623","93679","44298","31420","29312","38537","38649","42997","41049","29687","30438","42052","38974","50682","176916","0","176916"
"20204","11470","양천구","454239","222808","231431","82404","59799","57820","78969","76503","98744","42751","30442","28469","37818","38021","45307","39653","29357","29351","41151","38482","53437","180531","0","180531"
"20211","11470","양천구","454239","222808","231431","82404","59799","57820","78969","76503","98744","42751","30442","28469","37818","38021","45307","39653","29357","29351","41151","38482","53437","180531","0","180531"
"20212","11470","양천구","454239","222808","231431","82404","59799","57820","78969","76503","98744","42751","30442","28469","37818","38021","45307","39653","29357","29351","41151","38482","53437","180531","0","180531"
"20213","11470","양천구","454239","222808","231431","82404","59799","57820","78969","76503","98744","42751","30442","28469","37818","38021","45307","39653","29357","29351","41151","38482","53437","180531","0","180531"
"20221","11470","양천구","454239","222808","231431","82404","59799","57820","78969","76503","98744","42751","30442","28469","37818","38021","45307","39653","29357","29351","41151","38482","53437","180531","0","180531"
"20222","11470","양천구","454239","222808","231431","82404","59799","57820","78969","76503","98744","42751","30442","28469","37818","38021","45307","39653","29357","29351","41151","38482","53437","180531","0","180531"
"20223","11470","양천구","454239","222808","231431","82404","59799","57820","78969","76503","98744","42751","30442","28469","37818","38021","45307","39653","29357","29351","41151","38482","53437","180531","0","180531"
"20233","11560","영등포구","348870","173953","174917","43727","33792","58512","58719","53314","100806","22487","17346","28703","30348","27394","47675","21240","16446","29809","28371","25920","53131","184488","0","184488"
"20232","11590","동작구","381689","186966","194723","47001","40942","64902","63513","56803","108528","24425","20840","32468","32075","27897","49261","22576","20102","32434","31438","28906","59267","184294","0","184294"
"20224","11500","강서구","585027","285392","299635","77997","63438","92271","101435","88404","161482","39746","32345","44784","51650","43088","73779","38251","31093","47487","49785","45316","87703","266948","0","266948"
"20214","11500","강서구","580372","280149","300223","84305","86985","99113","90931","86224","132814","43099","40318","50300","45565","41283","59584","41206","46667","48813","45366","44941","73230","266948","0","266948"
"20192","11500","강서구","594134","288826","305308","95095","86423","106398","93943","90891","121384","48548","41354","54079","47157","43147","54541","46547","45069","52319","46786","47744","66843","256450","88887","167563"
"20191","11500","강서구","596073","289935","306138","94860","85483","107625","94723","91129","122253","48401","41062","54592","47608","43294","54978","46459","44421","53033","47115","47835","67275","254816","88476","166340"
"20233","11590","동작구","381689","186966","194723","47001","40942","64902","63513","56803","108528","24425","20840","32468","32075","27897","49261","22576","20102","32434","31438","28906","59267","184294","0","184294"
"20231","11590","동작구","381689","186966","194723","47001","40942","64902","63513","56803","108528","24425","20840","32468","32075","27897","49261","22576","20102","32434","31438","28906","59267","159961","0","159961"
"20223","11500","강서구","580372","280149","300223","84305","86985","99113","90931","86224","132814","43099","40318","50300","45565","41283","59584","41206","46667","48813","45366","44941","73230","266948","0","266948"
"20222","11500","강서구","580372","280149","300223","84305","86985","99113","90931","86224","132814","43099","40318","50300","45565","41283","59584","41206","46667","48813","45366","44941","73230","266948","0","266948"
"20221","11500","강서구","580372","280149","300223","84305","86985","99113","90931","86224","132814","43099","40318","50300","45565","41283","59584","41206","46667","48813","45366","44941","73230","266948","0","266948"
"20213","11500","강서구","580372","280149","300223","84305","86985","99113","90931","86224","132814","43099","40318","50300","45565","41283","59584","41206","46667","48813","45366","44941","73230","266948","0","266948"
"20212","11500","강서구","580372","280149","300223","84305","86985","99113","90931","86224","132814","43099","40318","50300","45565","41283","59584","41206","46667","48813","45366","44941","73230","266948","0","266948"
"20211","11500","강서구","580372","280149","300223","84305","86985","99113","90931","86224","132814","43099","40318","50300","45565","41283","59584","41206","46667","48813","45366","44941","73230","266948","0","266948"
"20204","11500","강서구","580372","280149","300223","84305","86985","99113","90931","86224","132814","43099","40318","50300","45565","41283","59584","41206","46667","48813","45366","44941","73230","266948","0","266948"
"20203","11500","강서구","591467","286547","304920","91422","86496","103028","93456","89191","127874","46703","40933","52169","46954","42391","57397","44719","45563","50859","46502","46800","70477","261572","0","261572"
"20202","11500","강서구","591467","286547","304920","91422","86496","103028","93456","89191","127874","46703","40933","52169","46954","42391","57397","44719","45563","50859","46502","46800","70477","261572","0","261572"
"20201","11500","강서구","591467","286547","304920","91422","86496","103028","93456","89191","127874","46703","40933","52169","46954","42391","57397","44719","45563","50859","46502","46800","70477","261572","0","261572"
"20194","11500","강서구","591467","286547","304920","91422","86496","103028","93456","89191","127874","46703","40933","52169","46954","42391","57397","44719","45563","50859","46502","46800","70477","261572","0","261572"
"20193","11500","강서구","594134","288826","305308","95095","86423","106398","93943","90891","121384","48548","41354","54079","47157","43147","54541","46547","45069","52319","46786","47744","66843","256450","88887","167563"
"20224","11530","구로구","403550","200797","202753","53911","41574","59564","69921","61587","116993","27560","21362","29397","36203","31190","55085","26351","20212","30167","33718","30397","61908","180455","0","180455"
"20214","11530","구로구","404412","199662","204750","58388","55404","63155","63224","63333","100908","30004","27210","32218","32417","31322","46491","28384","28194","30937","30807","32011","54417","180455","0","180455"
"20192","11530","구로구","401731","199146","202585","63330","54426","65032","64567","63628","90748","32425","27073","33000","33304","31244","42100","30905","27353","32032","31263","32384","48648","170708","52732","117976"
"20191","11530","구로구","401252","199049","202203","62780","53645","65652","64810","63420","90945","32144","26720","33308","33474","31198","42205","30636","26925","32344","31336","32222","48740","169501","52545","116956"
"20231","11620","관악구","489514","247536","241978","47680","50214","105072","82321","69814","134413","24522","24957","55501","44680","35952","61924","23158","25257","49571","37641","33862","72489","239926","0","239926"
"20232","11620","관악구","489514","247536","241978","47680","50214","105072","82321","69814","134413","24522","24957","55501","44680","35952","61924","23158","25257","49571","37641","33862","72489","274530","0","274530"
"20223","11530","구로구","404412","199662","204750","58388","55404","63155","63224","63333","100908","30004","27210","32218","32417","31322","46491","28384","28194","30937","30807","32011","54417","180455","0","180455"
"20222","11530","구로구","404412","199662","204750","58388","55404","63155","63224","63333","100908","30004","27210","32218","32417","31322","46491","28384","28194","30937","30807","32011","54417","180455","0","180455"
"20221","11530","구로구","404412","199662","204750","58388","55404","63155","63224","63333","100908","30004","27210","32218","32417","31322","46491","28384","28194","30937","30807","32011","54417","180455","0","180455"
"20213","11530","구로구","404412","199662","204750","58388","55404","63155","63224","63333","100908","30004","27210","32218","32417","31322","46491","28384","28194","30937","30807","32011","54417","180455","0","180455"
"20212","11530","구로구","404412","199662","204750","58388","55404","63155","63224","63333","100908","30004","27210","32218","32417","31322","46491","28384","28194","30937","30807","32011","54417","180455","0","180455"
"20211","11530","구로구","404412","199662","204750","58388","55404","63155","63224","63333","100908","30004","27210","32218","32417","31322","46491","28384","28194","30937","30807","32011","54417","180455","0","180455"
"20204","11530","구로구","404412","199662","204750","58388","55404","63155","63224","63333","100908","30004","27210","32218","32417","31322","46491","28384","28194","30937","30807","32011","54417","180455","0","180455"
"20203","11530","구로구","397157","196307","200850","59644","54026","61975","63298","63206","95008","30586","26661","31511","32515","31115","43919","29058","27365","30464","30783","32091","51089","172206","0","172206"
"20202","11530","구로구","397157","196307","200850","59644","54026","61975","63298","63206","95008","30586","26661","31511","32515","31115","43919","29058","27365","30464","30783","32091","51089","172206","0","172206"
"20201","11530","구로구","397157","196307","200850","59644","54026","61975","63298","63206","95008","30586","26661","31511","32515","31115","43919","29058","27365","30464","30783","32091","51089","172206","0","172206"
"20194","11530","구로구","397157","196307","200850","59644","54026","61975","63298","63206","95008","30586","26661","31511","32515","31115","43919","29058","27365","30464","30783","32091","51089","172206","0","172206"
"20193","11530","구로구","401731","199146","202585","63330","54426","65032","64567","63628","90748","32425","27073","33000","33304","31244","42100","30905","27353","32032","31263","32384","48648","170708","52732","117976"
"20224","11545","금천구","220070","112035","108035","23400","23647","34173","33426","37565","67859","11914","12176","18348","17858","19276","32463","11486","11471","15825","15568","18289","35396","114638","0","114638"
"20214","11545","금천구","231723","117226","114497","27225","37102","35471","32915","40292","58718","13815","18706","19651","17279","20214","27561","13410","18396","15820","15636","20078","31157","114638","0","114638"
"20192","11545","금천구","230741","117325","113416","30815","34918","35559","34968","41664","52817","15742","18185","19506","18186","21001","24705","15073","16733","16053","16782","20663","28112","106307","25239","81068"
"20191","11545","금천구","229281","116522","112759","30530","34075","35730","34971","41423","52552","15570","17647","19560","18224","20924","24597","14960","16428","16170","16747","20499","27955","104842","24761","80081"
"20233","11620","관악구","489514","247536","241978","47680","50214","105072","82321","69814","134413","24522","24957","55501","44680","35952","61924","23158","25257","49571","37641","33862","72489","274530","0","274530"
"20232","11650","서초구","400006","192397","207609","61020","46191","57219","70662","66374","98540","31234","23447","26613","32829","32634","45640","29786","22744","30606","37833","33740","52900","173212","0","173212"
"20223","11545","금천구","231723","117226","114497","27225","37102","35471","32915","40292","58718","13815","18706","19651","17279","20214","27561","13410","18396","15820","15636","20078","31157","114638","0","114638"
"20222","11545","금천구","231723","117226","114497","27225","37102","35471","32915","40292","58718","13815","18706","19651","17279","20214","27561","13410","18396","15820","15636","20078","31157","114638","0","114638"
"20221","11545","금천구","231723","117226","114497","27225","37102","35471","32915","40292","58718","13815","18706","19651","17279","20214","27561","13410","18396","15820","15636","20078","31157","114638","0","114638"
"20213","11545","금천구","231723","117226","114497","27225","37102","35471","32915","40292","58718","13815","18706","19651","17279","20214","27561","13410","18396","15820","15636","20078","31157","114638","0","114638"
"20212","11545","금천구","231723","117226","114497","27225","37102","35471","32915","40292","58718","13815","18706","19651","17279","20214","27561","13410","18396","15820","15636","20078","31157","114638","0","114638"
"20211","11545","금천구","231723","117226","114497","27225","37102","35471","32915","40292","58718","13815","18706","19651","17279","20214","27561","13410","18396","15820","15636","20078","31157","114638","0","114638"
"20204","11545","금천구","231723","117226","114497","27225","37102","35471","32915","40292","58718","13815","18706","19651","17279","20214","27561","13410","18396","15820","15636","20078","31157","114638","0","114638"
"20203","11545","금천구","232580","118087","114493","29564","35941","35602","34253","41348","55872","15092","18516","19628","17842","20813","26196","14472","17425","15974","16411","20535","29676","110124","0","110124"
"20202","11545","금천구","232580","118087","114493","29564","35941","35602","34253","41348","55872","15092","18516","19628","17842","20813","26196","14472","17425","15974","16411","20535","29676","110124","0","110124"
"20201","11545","금천구","232580","118087","114493","29564","35941","35602","34253","41348","55872","15092","18516","19628","17842","20813","26196","14472","17425","15974","16411","20535","29676","110124","0","110124"
"20194","11545","금천구","232580","118087","114493","29564","35941","35602","34253","41348","55872","15092","18516","19628","17842","20813","26196","14472","17425","15974","16411","20535","29676","110124","0","110124"
"20193","11545","금천구","230741","117325","113416","30815","34918","35559","34968","41664","52817","15742","18185","19506","18186","21001","24705","15073","16733","16053","16782","20663","28112","106307","25239","81068"
"20224","11560","영등포구","348870","173953","174917","43727","33792","58512","58719","53314","100806","22487","17346","28703","30348","27394","47675","21240","16446","29809","28371","25920","53131","184488","0","184488"
"20214","11560","영등포구","379192","187492","191700","50077","58954","69250","56412","56875","87624","25812","27699","35573","29012","28878","40518","24265","31255","33677","27400","27997","47106","184488","0","184488"
"20192","11560","영등포구","363551","180970","182581","51527","54267","65216","56100","56379","80062","26718","26112","33611","28900","28554","37075","24809","28155","31605","27200","27825","42987","168468","49468","119000"
"20191","11560","영등포구","364249","181544","182705","51563","53135","65843","56701","56547","80460","26796","25649","33875","29239","28624","37361","24767","27486","31968","27462","27923","43099","167158","49184","117974"
"20231","11650","서초구","400006","192397","207609","61020","46191","57219","70662","66374","98540","31234","23447","26613","32829","32634","45640","29786","22744","30606","37833","33740","52900","152401","0","152401"
"20223","11560","영등포구","379192","187492","191700","50077","58954","69250","56412","56875","87624","25812","27699","35573","29012","28878","40518","24265","31255","33677","27400","27997","47106","184488","0","184488"
"20222","11560","영등포구","379192","187492","191700","50077","58954","69250","56412","56875","87624","25812","27699","35573","29012","28878","40518","24265","31255","33677","27400","27997","47106","184488","0","184488"
"20221","11560","영등포구","379192","187492","191700","50077","58954","69250","56412","56875","87624","25812","27699","35573","29012","28878","40518","24265","31255","33677","27400","27997","47106","184488","0","184488"
"20213","11560","영등포구","379192","187492","191700","50077","58954","69250","56412","56875","87624","25812","27699","35573","29012","28878","40518","24265","31255","33677","27400","27997","47106","184488","0","184488"
"20212","11560","영등포구","379192","187492","191700","50077","58954","69250","56412","56875","87624","25812","27699","35573","29012","28878","40518","24265","31255","33677","27400","27997","47106","184488","0","184488"
"20211","11560","영등포구","379192","187492","191700","50077","58954","69250","56412","56875","87624","25812","27699","35573","29012","28878","40518","24265","31255","33677","27400","27997","47106","184488","0","184488"
"20204","11560","영등포구","379192","187492","191700","50077","58954","69250","56412","56875","87624","25812","27699","35573","29012","28878","40518","24265","31255","33677","27400","27997","47106","184488","0","184488"
"20203","11560","영등포구","363820","180540","183280","49826","55250","65026","55162","55812","82744","25787","26305","33430","28387","28243","38388","24039","28945","31596","26775","27569","44356","172071","0","172071"
"20202","11560","영등포구","363820","180540","183280","49826","55250","65026","55162","55812","82744","25787","26305","33430","28387","28243","38388","24039","28945","31596","26775","27569","44356","172071","0","172071"
"20201","11560","영등포구","363820","180540","183280","49826","55250","65026","55162","55812","82744","25787","26305","33430","28387","28243","38388","24039","28945","31596","26775","27569","44356","172071","0","172071"
"20194","11560","영등포구","363820","180540","183280","49826","55250","65026","55162","55812","82744","25787","26305","33430","28387","28243","38388","24039","28945","31596","26775","27569","44356","172071","0","172071"
"20193","11560","영등포구","363551","180970","182581","51527","54267","65216","56100","56379","80062","26718","26112","33611","28900","28554","37075","24809","28155","31605","27200","27825","42987","168468","49468","119000"
"20214","11590","동작구","391769","189357","202412","52498","66583","62231","58999","58358","93100","26876","32137","31473","29553","27971","41347","25622","34446","30758","29446","30387","51753","184294","0","184294"
"20224","11590","동작구","381689","186966","194723","47001","40942","64902","63513","56803","108528","24425","20840","32468","32075","27897","49261","22576","20102","32434","31438","28906","59267","184294","0","184294"
"20193","11590","동작구","392619","190932","201687","57432","64395","65395","60947","58666","85784","29408","31860","32981","30553","27959","38171","28024","32535","32414","30394","30707","47613","175301","44566","130735"
"20192","11590","동작구","392619","190932","201687","57432","64395","65395","60947","58666","85784","29408","31860","32981","30553","27959","38171","28024","32535","32414","30394","30707","47613","175301","44566","130735"
"20191","11590","동작구","392659","191202","201457","56951","63096","66366","61308","58688","86250","29207","31281","33541","30772","27967","38434","27744","31815","32825","30536","30721","47816","173658","44417","129241"
"20223","11590","동작구","391769","189357","202412","52498","66583","62231","58999","58358","93100","26876","32137","31473","29553","27971","41347","25622","34446","30758","29446","30387","51753","184294","0","184294"
"20222","11590","동작구","391769","189357","202412","52498","66583","62231","58999","58358","93100","26876","32137","31473","29553","27971","41347","25622","34446","30758","29446","30387","51753","184294","0","184294"
"20221","11590","동작구","391769","189357","202412","52498","66583","62231","58999","58358","93100","26876","32137","31473","29553","27971","41347","25622","34446","30758","29446","30387","51753","184294","0","184294"
"20213","11590","동작구","391769","189357","202412","52498","66583","62231","58999","58358","93100","26876","32137","31473","29553","27971","41347","25622","34446","30758","29446","30387","51753","184294","0","184294"
"20212","11590","동작구","391769","189357","202412","52498","66583","62231","58999","58358","93100","26876","32137","31473","29553","27971","41347","25622","34446","30758","29446","30387","51753","184294","0","184294"
"20211","11590","동작구","391769","189357","202412","52498","66583","62231","58999","58358","93100","26876","32137","31473","29553","27971","41347","25622","34446","30758","29446","30387","51753","184294","0","184294"
"20204","11590","동작구","391769","189357","202412","52498","66583","62231","58999","58358","93100","26876","32137","31473","29553","27971","41347","25622","34446","30758","29446","30387","51753","184294","0","184294"
"20203","11590","동작구","396818","192507","204311","56072","66143","64552","60720","59354","89977","28680","32385","32599","30477","28398","39968","27392","33758","31953","30243","30956","50009","180678","0","180678"
"20202","11590","동작구","396818","192507","204311","56072","66143","64552","60720","59354","89977","28680","32385","32599","30477","28398","39968","27392","33758","31953","30243","30956","50009","180678","0","180678"
"20201","11590","동작구","396818","192507","204311","56072","66143","64552","60720","59354","89977","28680","32385","32599","30477","28398","39968","27392","33758","31953","30243","30956","50009","180678","0","180678"
"20194","11590","동작구","396818","192507","204311","56072","66143","64552","60720","59354","89977","28680","32385","32599","30477","28398","39968","27392","33758","31953","30243","30956","50009","180678","0","180678"
"20194","11620","관악구","500067","250903","249164","55669","106738","89309","70990","69595","107766","28678","52167","48899","37856","34478","48825","26991","54571","40410","33134","35117","58941","267910","0","267910"
"20202","11620","관악구","500067","250903","249164","55669","106738","89309","70990","69595","107766","28678","52167","48899","37856","34478","48825","26991","54571","40410","33134","35117","58941","267910","0","267910"
"20222","11620","관악구","494436","248078","246358","50866","109023","86728","68386","67974","111459","26103","53111","47928","36508","34033","50395","24763","55912","38800","31878","33941","61064","274530","0","274530"
"20204","11620","관악구","494436","248078","246358","50866","109023","86728","68386","67974","111459","26103","53111","47928","36508","34033","50395","24763","55912","38800","31878","33941","61064","274530","0","274530"
"20201","11620","관악구","500067","250903","249164","55669","106738","89309","70990","69595","107766","28678","52167","48899","37856","34478","48825","26991","54571","40410","33134","35117","58941","267910","0","267910"
"20192","11620","관악구","503089","252991","250098","59766","103183","91978","73078","70744","104340","30858","51096","50085","39032","34705","47215","28908","52087","41893","34046","36039","57125","261563","33364","228199"
"20211","11620","관악구","494436","248078","246358","50866","109023","86728","68386","67974","111459","26103","53111","47928","36508","34033","50395","24763","55912","38800","31878","33941","61064","274530","0","274530"
"20193","11620","관악구","503089","252991","250098","59766","103183","91978","73078","70744","104340","30858","51096","50085","39032","34705","47215","28908","52087","41893","34046","36039","57125","261563","33364","228199"
"20221","11620","관악구","494436","248078","246358","50866","109023","86728","68386","67974","111459","26103","53111","47928","36508","34033","50395","24763","55912","38800","31878","33941","61064","274530","0","274530"
"20191","11620","관악구","501538","252316","249222","58931","99550","93829","73385","70647","105196","30328","49292","51141","39182","34687","47686","28603","50258","42688","34203","35960","57510","258579","33335","225244"
"20224","11620","관악구","489514","247536","241978","47680","50214","105072","82321","69814","134413","24522","24957","55501","44680","35952","61924","23158","25257","49571","37641","33862","72489","274530","0","274530"
"20213","11620","관악구","494436","248078","246358","50866","109023","86728","68386","67974","111459","26103","53111","47928","36508","34033","50395","24763","55912","38800","31878","33941","61064","274530","0","274530"
"20223","11620","관악구","494436","248078","246358","50866","109023","86728","68386","67974","111459","26103","53111","47928","36508","34033","50395","24763","55912","38800","31878","33941","61064","274530","0","274530"
"20214","11620","관악구","494436","248078","246358","50866","109023","86728","68386","67974","111459","26103","53111","47928","36508","34033","50395","24763","55912","38800","31878","33941","61064","274530","0","274530"
"20212","11620","관악구","494436","248078","246358","50866","109023","86728","68386","67974","111459","26103","53111","47928","36508","34033","50395","24763","55912","38800","31878","33941","61064","274530","0","274530"
"20233","11110","종로구","142900","70267","72633","14074","16710","21397","20171","24440","46108","7249","8281","11048","9822","12209","21658","6825","8429","10349","10349","12231","24450","74935","0","74935"
"20203","11620","관악구","500067","250903","249164","55669","106738","89309","70990","69595","107766","28678","52167","48899","37856","34478","48825","26991","54571","40410","33134","35117","58941","267910","0","267910"
"20203","11650","서초구","423062","202315","220747","79932","55451","65442","77210","61843","83184","40970","26775","30025","36436","30203","37906","38962","28676","35417","40774","31640","45278","170128","0","170128"
"20204","11650","서초구","424688","203131","221557","79116","55031","63180","77290","63138","86933","40585","26421","29121","36315","31065","39624","38531","28610","34059","40975","32073","47309","173212","0","173212"
"20211","11650","서초구","424688","203131","221557","79116","55031","63180","77290","63138","86933","40585","26421","29121","36315","31065","39624","38531","28610","34059","40975","32073","47309","173212","0","173212"
"20212","11650","서초구","424688","203131","221557","79116","55031","63180","77290","63138","86933","40585","26421","29121","36315","31065","39624","38531","28610","34059","40975","32073","47309","173212","0","173212"
"20213","11650","서초구","424688","203131","221557","79116","55031","63180","77290","63138","86933","40585","26421","29121","36315","31065","39624","38531","28610","34059","40975","32073","47309","173212","0","173212"
"20221","11650","서초구","424688","203131","221557","79116","55031","63180","77290","63138","86933","40585","26421","29121","36315","31065","39624","38531","28610","34059","40975","32073","47309","173212","0","173212"
"20222","11650","서초구","424688","203131","221557","79116","55031","63180","77290","63138","86933","40585","26421","29121","36315","31065","39624","38531","28610","34059","40975","32073","47309","173212","0","173212"
"20223","11650","서초구","424688","203131","221557","79116","55031","63180","77290","63138","86933","40585","26421","29121","36315","31065","39624","38531","28610","34059","40975","32073","47309","173212","0","173212"
"20191","11650","서초구","434500","207998","226502","82393","56794","69671","79792","63086","82764","42083","27693","31916","37857","30663","37786","40310","29101","37755","41935","32423","44978","172177","61806","110371"
"20192","11650","서초구","433095","207573","225522","83567","57053","68811","79544","62496","81624","42786","27788","31578","37767","30359","37295","40781","29265","37233","41777","32137","44329","172376","59858","112518"
"20193","11650","서초구","433095","207573","225522","83567","57053","68811","79544","62496","81624","42786","27788","31578","37767","30359","37295","40781","29265","37233","41777","32137","44329","172376","59858","112518"
"20224","11650","서초구","400006","192397","207609","61020","46191","57219","70662","66374","98540","31234","23447","26613","32829","32634","45640","29786","22744","30606","37833","33740","52900","173212","0","173212"
"20214","11650","서초구","424688","203131","221557","79116","55031","63180","77290","63138","86933","40585","26421","29121","36315","31065","39624","38531","28610","34059","40975","32073","47309","173212","0","173212"
"20194","11650","서초구","423062","202315","220747","79932","55451","65442","77210","61843","83184","40970","26775","30025","36436","30203","37906","38962","28676","35417","40774","31640","45278","170128","0","170128"
"20201","11650","서초구","423062","202315","220747","79932","55451","65442","77210","61843","83184","40970","26775","30025","36436","30203","37906","38962","28676","35417","40774","31640","45278","170128","0","170128"
"20202","11650","서초구","423062","202315","220747","79932","55451","65442","77210","61843","83184","40970","26775","30025","36436","30203","37906","38962","28676","35417","40774","31640","45278","170128","0","170128"
"20213","11680","강남구","538853","257847","281006","95836","73919","81816","99174","80310","107798","49875","35369","37493","46116","40172","48822","45961","38550","44323","53058","40138","58976","234547","0","234547"
"20203","11680","강남구","543181","259923","283258","98452","75553","85179","99492","80321","104184","51315","36382","38928","46256","39937","47105","47137","39171","46251","53236","40384","57079","231590","0","231590"
"20214","11680","강남구","538853","257847","281006","95836","73919","81816","99174","80310","107798","49875","35369","37493","46116","40172","48822","45961","38550","44323","53058","40138","58976","234547","0","234547"
"20221","11680","강남구","538853","257847","281006","95836","73919","81816","99174","80310","107798","49875","35369","37493","46116","40172","48822","45961","38550","44323","53058","40138","58976","234547","0","234547"
"20224","11680","강남구","522752","250678","272074","69259","67584","79203","89525","91366","125815","35848","35223","36240","40846","44393","58128","33411","32361","42963","48679","46973","67687","234547","0","234547"
"20222","11680","강남구","538853","257847","281006","95836","73919","81816","99174","80310","107798","49875","35369","37493","46116","40172","48822","45961","38550","44323","53058","40138","58976","234547","0","234547"
"20194","11680","강남구","543181","259923","283258","98452","75553","85179","99492","80321","104184","51315","36382","38928","46256","39937","47105","47137","39171","46251","53236","40384","57079","231590","0","231590"
"20191","11680","강남구","540006","258545","281461","97156","75848","88402","98706","80022","99872","50674","36753","40263","46176","39523","45156","46482","39095","48139","52530","40499","54716","226589","92220","134369"
"20212","11680","강남구","538853","257847","281006","95836","73919","81816","99174","80310","107798","49875","35369","37493","46116","40172","48822","45961","38550","44323","53058","40138","58976","234547","0","234547"
"20201","11680","강남구","543181","259923","283258","98452","75553","85179","99492","80321","104184","51315","36382","38928","46256","39937","47105","47137","39171","46251","53236","40384","57079","231590","0","231590"
"20223","11680","강남구","538853","257847","281006","95836","73919","81816","99174","80310","107798","49875","35369","37493","46116","40172","48822","45961","38550","44323","53058","40138","58976","234547","0","234547"
"20211","11680","강남구","538853","257847","281006","95836","73919","81816","99174","80310","107798","49875","35369","37493","46116","40172","48822","45961","38550","44323","53058","40138","58976","234547","0","234547"
"20202","11680","강남구","543181","259923","283258","98452","75553","85179","99492","80321","104184","51315","36382","38928","46256","39937","47105","47137","39171","46251","53236","40384","57079","231590","0","231590"
"20193","11680","강남구","541072","259055","282017","99078","76342","87661","99135","79199","99657","51659","36815","39935","46462","39120","45064","47419","39527","47726","52673","40079","54593","228079","91465","136614"
"20204","11680","강남구","538853","257847","281006","95836","73919","81816","99174","80310","107798","49875","35369","37493","46116","40172","48822","45961","38550","44323","53058","40138","58976","234547","0","234547"
"20192","11680","강남구","541072","259055","282017","99078","76342","87661","99135","79199","99657","51659","36815","39935","46462","39120","45064","47419","39527","47726","52673","40079","54593","228079","91465","136614"
"20213","11710","송파구","667802","322197","345605","109764","94065","110605","109290","102556","141522","56407","44767","53059","52629","49765","65570","53357","49298","57546","56661","52791","75952","281764","0","281764"
"20191","11710","송파구","660200","320761","339439","114233","92142","114010","109757","103001","127057","58829","45211","54659","53257","49575","59230","55404","46931","59351","56500","53426","67827","265484","81017","184467"
"20192","11710","송파구","663222","321999","341223","115906","93712","113934","109716","103224","126730","59701","45735","54620","53228","49661","59054","56205","47977","59314","56488","53563","67676","268569","81395","187174"
"20204","11710","송파구","667802","322197","345605","109764","94065","110605","109290","102556","141522","56407","44767","53059","52629","49765","65570","53357","49298","57546","56661","52791","75952","281764","0","281764"
"20193","11710","송파구","663222","321999","341223","115906","93712","113934","109716","103224","126730","59701","45735","54620","53228","49661","59054","56205","47977","59314","56488","53563","67676","268569","81395","187174"
"20221","11710","송파구","667802","322197","345605","109764","94065","110605","109290","102556","141522","56407","44767","53059","52629","49765","65570","53357","49298","57546","56661","52791","75952","281764","0","281764"
"20224","11710","송파구","629267","306739","322528","86297","74256","94184","106312","103598","164620","44310","37962","45311","51120","50695","77341","41987","36294","48873","55192","52903","87279","281764","0","281764"
"20211","11710","송파구","667802","322197","345605","109764","94065","110605","109290","102556","141522","56407","44767","53059","52629","49765","65570","53357","49298","57546","56661","52791","75952","281764","0","281764"
"20214","11710","송파구","667802","322197","345605","109764","94065","110605","109290","102556","141522","56407","44767","53059","52629","49765","65570","53357","49298","57546","56661","52791","75952","281764","0","281764"
"20223","11710","송파구","667802","322197","345605","109764","94065","110605","109290","102556","141522","56407","44767","53059","52629","49765","65570","53357","49298","57546","56661","52791","75952","281764","0","281764"
"20194","11710","송파구","675530","327044","348486","114892","95780","114429","110624","104613","135192","59143","46207","54941","53386","50439","62928","55749","49573","59488","57238","54174","72264","278057","0","278057"
"20212","11710","송파구","667802","322197","345605","109764","94065","110605","109290","102556","141522","56407","44767","53059","52629","49765","65570","53357","49298","57546","56661","52791","75952","281764","0","281764"
"20201","11710","송파구","675530","327044","348486","114892","95780","114429","110624","104613","135192","59143","46207","54941","53386","50439","62928","55749","49573","59488","57238","54174","72264","278057","0","278057"
"20222","11710","송파구","667802","322197","345605","109764","94065","110605","109290","102556","141522","56407","44767","53059","52629","49765","65570","53357","49298","57546","56661","52791","75952","281764","0","281764"
"20202","11710","송파구","675530","327044","348486","114892","95780","114429","110624","104613","135192","59143","46207","54941","53386","50439","62928","55749","49573","59488","57238","54174","72264","278057","0","278057"
"20203","11710","송파구","675530","327044","348486","114892","95780","114429","110624","104613","135192","59143","46207","54941","53386","50439","62928","55749","49573","59488","57238","54174","72264","278057","0","278057"
"20191","11740","강동구","429222","213009","216213","70240","58078","68274","69264","71517","91849","36787","29639","34388","34741","34790","42664","33453","28439","33886","34523","36727","49185","176110","48022","128088"
"20192","11740","강동구","427463","211882","215581","70452","58172","67395","68829","71131","91484","36877","29614","33908","34497","34577","42409","33575","28558","33487","34332","36554","49075","176676","47502","129174"
"20193","11740","강동구","427463","211882","215581","70452","58172","67395","68829","71131","91484","36877","29614","33908","34497","34577","42409","33575","28558","33487","34332","36554","49075","176676","47502","129174"
"20224","11740","강동구","398271","197954","200317","52114","45481","57601","64704","64156","114215","27114","23859","29033","32605","31915","53428","25000","21622","28568","32099","32241","60787","196139","0","196139"
"20214","11740","강동구","459485","225974","233511","73655","61405","72029","73973","72151","106272","38433","30308","35914","37108","35131","49080","35222","31097","36115","36865","37020","57192","196139","0","196139"
"20194","11740","강동구","417848","206438","211410","66326","56905","63644","66902","68783","95288","34788","28703","31972","33408","33563","44004","31538","28202","31672","33494","35220","51284","176439","0","176439"
"20201","11740","강동구","417848","206438","211410","66326","56905","63644","66902","68783","95288","34788","28703","31972","33408","33563","44004","31538","28202","31672","33494","35220","51284","176439","0","176439"
"20202","11740","강동구","417848","206438","211410","66326","56905","63644","66902","68783","95288","34788","28703","31972","33408","33563","44004","31538","28202","31672","33494","35220","51284","176439","0","176439"
"20203","11740","강동구","417848","206438","211410","66326","56905","63644","66902","68783","95288","34788","28703","31972","33408","33563","44004","31538","28202","31672","33494","35220","51284","176439","0","176439"
"20204","11740","강동구","459485","225974","233511","73655","61405","72029","73973","72151","106272","38433","30308","35914","37108","35131","49080","35222","31097","36115","36865","37020","57192","196139","0","196139"
"20211","11740","강동구","459485","225974","233511","73655","61405","72029","73973","72151","106272","38433","30308","35914","37108","35131","49080","35222","31097","36115","36865","37020","57192","196139","0","196139"
"20212","11740","강동구","459485","225974","233511","73655","61405","72029","73973","72151","106272","38433","30308","35914","37108","35131","49080","35222","31097","36115","36865","37020","57192","196139","0","196139"
"20213","11740","강동구","459485","225974","233511","73655","61405","72029","73973","72151","106272","38433","30308","35914","37108","35131","49080","35222","31097","36115","36865","37020","57192","196139","0","196139"
"20221","11740","강동구","459485","225974","233511","73655","61405","72029","73973","72151","106272","38433","30308","35914","37108","35131","49080","35222","31097","36115","36865","37020","57192","196139","0","196139"
"20222","11740","강동구","459485","225974","233511","73655","61405","72029","73973","72151","106272","38433","30308","35914","37108","35131","49080","35222","31097","36115","36865","37020","57192","196139","0","196139"
"20223","11740","강동구","459485","225974","233511","73655","61405","72029","73973","72151","106272","38433","30308","35914","37108","35131","49080","35222","31097","36115","36865","37020","57192","196139","0","196139"
"20232","11110","종로구","142900","70267","72633","14074","16710","21397","20171","24440","46108","7249","8281","11048","9822","12209","21658","6825","8429","10349","10349","12231","24450","74935","0","74935"
"20231","11110","종로구","142900","70267","72633","14074","16710","21397","20171","24440","46108","7249","8281","11048","9822","12209","21658","6825","8429","10349","10349","12231","24450","65948","0","65948"
"20233","11200","성동구","286321","141878","144443","36235","30140","44595","48318","46131","80902","18453","15184","22325","24625","23286","38005","17782","14956","22270","23693","22845","42897","135787","0","135787"
"20233","11215","광진구","341566","166979","174587","39033","40198","60720","55482","55795","90338","20047","20149","29568","27765","27371","42079","18986","20049","31152","27717","28424","48259","167243","0","167243"
"20231","11140","중구","121446","60531","60915","12476","11504","18814","19108","19367","40177","6315","5815","9540","9868","10001","18992","6161","5689","9274","9240","9366","21185","56288","0","56288"
"20232","11140","중구","121446","60531","60915","12476","11504","18814","19108","19367","40177","6315","5815","9540","9868","10001","18992","6161","5689","9274","9240","9366","21185","63375","0","63375"
"20232","11170","용산구","219681","106667","113014","25586","22042","32488","35988","36474","67103","13089","11155","16139","17809","18210","30265","12497","10887","16349","18179","18264","36838","112556","0","112556"
"20231","11170","용산구","219681","106667","113014","25586","22042","32488","35988","36474","67103","13089","11155","16139","17809","18210","30265","12497","10887","16349","18179","18264","36838","99109","0","99109"
"20232","11200","성동구","286321","141878","144443","36235","30140","44595","48318","46131","80902","18453","15184","22325","24625","23286","38005","17782","14956","22270","23693","22845","42897","135787","0","135787"
"20231","11200","성동구","286321","141878","144443","36235","30140","44595","48318","46131","80902","18453","15184","22325","24625","23286","38005","17782","14956","22270","23693","22845","42897","119410","0","119410"
"20232","11215","광진구","341566","166979","174587","39033","40198","60720","55482","55795","90338","20047","20149","29568","27765","27371","42079","18986","20049","31152","27717","28424","48259","167243","0","167243"
"20231","11215","광진구","341566","166979","174587","39033","40198","60720","55482","55795","90338","20047","20149","29568","27765","27371","42079","18986","20049","31152","27717","28424","48259","148084","0","148084"
"20231","11230","동대문구","323173","160967","162206","37494","35688","49833","50783","50410","98965","19139","17850","26090","26034","25789","46065","18355","17838","23743","24749","24621","52900","140012","0","140012"
"20232","11230","동대문구","323173","160967","162206","37494","35688","49833","50783","50410","98965","19139","17850","26090","26034","25789","46065","18355","17838","23743","24749","24621","52900","167339","0","167339"
"20232","11260","중랑구","393628","196220","197408","44713","43348","57889","60993","65662","121023","22834","22480","29185","31916","32827","56978","21879","20868","28704","29077","32835","64045","185787","0","185787"
"20231","11260","중랑구","393628","196220","197408","44713","43348","57889","60993","65662","121023","22834","22480","29185","31916","32827","56978","21879","20868","28704","29077","32835","64045","165184","0","165184"
"20231","11290","성북구","412357","201214","211143","54175","47556","57434","66397","67871","118924","27821","23535","28639","32965","33933","54321","26354","24021","28795","33432","33938","64603","166407","0","166407"
"20232","11290","성북구","412357","201214","211143","54175","47556","57434","66397","67871","118924","27821","23535","28639","32965","33933","54321","26354","24021","28795","33432","33938","64603","195040","0","195040"
"20232","11305","강북구","316990","155876","161114","33893","34862","42088","48453","52327","105367","17402","17929","21436","25174","26228","47707","16491","16933","20652","23279","26099","57660","145867","0","145867"
"20231","11305","강북구","316990","155876","161114","33893","34862","42088","48453","52327","105367","17402","17929","21436","25174","26228","47707","16491","16933","20652","23279","26099","57660","133741","0","133741"
"20231","11320","도봉구","341355","168070","173285","39939","40776","44819","49912","57532","108377","20644","21206","23020","25010","27942","50248","19295","19570","21799","24902","29590","58129","131249","0","131249"
"20231","11380","은평구","457181","221709","235472","56254","51767","62564","75536","74754","136306","28948","26390","30572","37829","36485","61485","27306","25377","31992","37707","38269","74821","183885","0","183885"
"20232","11380","은평구","457181","221709","235472","56254","51767","62564","75536","74754","136306","28948","26390","30572","37829","36485","61485","27306","25377","31992","37707","38269","74821","213749","0","213749"
"20231","11410","서대문구","298338","144648","153690","35234","34350","45364","45727","48596","89067","17973","17135","22715","22781","23980","40064","17261","17215","22649","22946","24616","49003","126533","0","126533"
"20232","11410","서대문구","298338","144648","153690","35234","34350","45364","45727","48596","89067","17973","17135","22715","22781","23980","40064","17261","17215","22649","22946","24616","49003","144548","0","144548"
"20232","11440","마포구","361271","173544","187727","47361","38216","61472","64902","56921","92399","24266","18881","28815","31742","28304","41536","23095","19335","32657","33160","28617","50863","178311","0","178311"
"20231","11440","마포구","361271","173544","187727","47361","38216","61472","64902","56921","92399","24266","18881","28815","31742","28304","41536","23095","19335","32657","33160","28617","50863","156337","0","156337"
"20231","11470","양천구","460203","227584","232619","61934","64599","58507","69780","85315","120068","32071","34184","29265","33525","41876","56663","29863","30415","29242","36255","43439","63405","167303","0","167303"
"20232","11470","양천구","460203","227584","232619","61934","64599","58507","69780","85315","120068","32071","34184","29265","33525","41876","56663","29863","30415","29242","36255","43439","63405","180531","0","180531"
"20232","11500","강서구","585027","285392","299635","77997","63438","92271","101435","88404","161482","39746","32345","44784","51650","43088","73779","38251","31093","47487","49785","45316","87703","266948","0","266948"
"20233","11650","서초구","400006","192397","207609","61020","46191","57219","70662","66374","98540","31234","23447","26613","32829","32634","45640","29786","22744","30606","37833","33740","52900","173212","0","173212"
"20232","11680","강남구","522752","250678","272074","69259","67584","79203","89525","91366","125815","35848","35223","36240","40846","44393","58128","33411","32361","42963","48679","46973","67687","234547","0","234547"
"20233","11680","강남구","522752","250678","272074","69259","67584","79203","89525","91366","125815","35848","35223","36240","40846","44393","58128","33411","32361","42963","48679","46973","67687","234547","0","234547"
"20231","11680","강남구","522752","250678","272074","69259","67584","79203","89525","91366","125815","35848","35223","36240","40846","44393","58128","33411","32361","42963","48679","46973","67687","211644","0","211644"
"20232","11710","송파구","629267","306739","322528","86297","74256","94184","106312","103598","164620","44310","37962","45311","51120","50695","77341","41987","36294","48873","55192","52903","87279","281764","0","281764"
"20233","11710","송파구","629267","306739","322528","86297","74256","94184","106312","103598","164620","44310","37962","45311","51120","50695","77341","41987","36294","48873","55192","52903","87279","281764","0","281764"
"20231","11710","송파구","629267","306739","322528","86297","74256","94184","106312","103598","164620","44310","37962","45311","51120","50695","77341","41987","36294","48873","55192","52903","87279","240459","0","240459"
"20231","11740","강동구","398271","197954","200317","52114","45481","57601","64704","64156","114215","27114","23859","29033","32605","31915","53428","25000","21622","28568","32099","32241","60787","155721","0","155721"
"20233","11740","강동구","398271","197954","200317","52114","45481","57601","64704","64156","114215","27114","23859","29033","32605","31915","53428","25000","21622","28568","32099","32241","60787","196139","0","196139"
"20232","11740","강동구","398271","197954","200317","52114","45481","57601","64704","64156","114215","27114","23859","29033","32605","31915","53428","25000","21622","28568","32099","32241","60787","196139","0","196139"